* * * * * * * * * * * * * * * * * * * * * * *
背景模型：
高斯模型0：
均值：[25.798998;
 127.7492;
 113.96252]
协方差矩阵：[179.49709, 110.75745, 126.1759;
 110.75745, 226.37617, 216.01201;
 126.1759, 216.01201, 232.68079]
权重：0.36477

高斯模型1：
均值：[103.28721;
 194.01877;
 190.00926]
协方差矩阵：[629.90112, 85.056396, 230.66367;
 85.056396, 160.51521, 144.92249;
 230.66367, 144.92249, 251.59572]
权重：0.0514922

高斯模型2：
均值：[74.133972;
 138.82019;
 132.82417]
协方差矩阵：[274.33099, 63.355492, 146.04893;
 63.355492, 328.97409, 157.25246;
 146.04893, 157.25246, 256.05908]
权重：0.0435184

高斯模型3：
均值：[61.629944;
 169.31654;
 157.34836]
协方差矩阵：[141.19157, 111.51315, 108.57988;
 111.51315, 109.06827, 105.57669;
 108.57988, 105.57669, 116.06828]
权重：0.343438

高斯模型4：
均值：[7.9091339;
 52.971287;
 47.791946]
协方差矩阵：[111.1374, 149.36391, 152.75452;
 149.36391, 899.53284, 715.21027;
 152.75452, 715.21027, 674.97076]
权重：0.196781

高斯模型0：
均值：[183.20882, 200.72076, 211.71123]
协方差矩阵：[945.92523, 843.02026, 735.64886;
 843.02026, 827.94226, 713.76245;
 735.64886, 713.76245, 636.4115]
权重：0.121503

高斯模型1：
均值：[31.143795, 125.72041, 108.67023]
协方差矩阵：[225.1066, 147.70802, 156.77162;
 147.70802, 331.33078, 296.08136;
 156.77162, 296.08136, 318.95648]
权重：0.236489

高斯模型2：
均值：[72.057198, 85.211014, 100.87351]
协方差矩阵：[320.86456, 311.16269, 317.91724;
 311.16269, 350.06149, 362.60333;
 317.91724, 362.60333, 402.60336]
权重：0.190709

高斯模型3：
均值：[14.592423, 38.742138, 43.469139]
协方差矩阵：[206.75917, 129.63776, 198.59554;
 129.63776, 579.52832, 446.72351;
 198.59554, 446.72351, 452.00388]
权重：0.217218

高斯模型4：
均值：[84.321228, 158.49498, 154.55624]
协方差矩阵：[836.70386, -208.76169, 103.04597;
 -208.76169, 339.03452, 162.27722;
 103.04597, 162.27722, 182.49321]
权重：0.23408

* * * * * * * * * * * * * * * * * * * * * * *
背景模型：
高斯模型0：
均值：[26.271757;
 127.13012;
 112.62755]
协方差矩阵：[181.52559, 110.95255, 120.83718;
 110.95255, 233.38969, 216.15796;
 120.83718, 216.15796, 232.05501]
权重：0.372406

高斯模型1：
均值：[104.70255;
 191.46066;
 187.44446]
协方差矩阵：[716.24463, 89.05249, 251.02571;
 89.05249, 192.91277, 179.55293;
 251.02571, 179.55293, 290.55157]
权重：0.0493917

高斯模型2：
均值：[73.049538;
 140.28029;
 132.14819]
协方差矩阵：[263.53854, 64.54538, 145.92477;
 64.54538, 318.8699, 168.59856;
 145.92477, 168.59856, 245.40433]
权重：0.057786

高斯模型3：
均值：[61.249847;
 169.02243;
 156.90927]
协方差矩阵：[147.81277, 114.73874, 112.59959;
 114.73874, 115.18674, 111.78912;
 112.59959, 111.78912, 123.31979]
权重：0.332377

高斯模型4：
均值：[8.1407166;
 54.292614;
 48.386017]
协方差矩阵：[112.65858, 150.31604, 156.66943;
 150.31604, 833.36914, 652.95862;
 156.66943, 652.95862, 624.54962]
权重：0.188039

高斯模型0：
均值：[182.54446, 199.43393, 210.71642]
协方差矩阵：[981.58209, 896.71423, 777.64484;
 896.71423, 885.39417, 763.4165;
 777.64484, 763.4165, 677.216]
权重：0.220856

高斯模型1：
均值：[31.513672, 114.24023, 98.993492]
协方差矩阵：[308.04706, 161.65681, 185.6044;
 161.65681, 354.48819, 287.06342;
 185.6044, 287.06342, 302.98422]
权重：0.0313265

高斯模型2：
均值：[71.831284, 84.592278, 100.33559]
协方差矩阵：[349.82025, 346.02823, 353.70346;
 346.02823, 382.24841, 398.48138;
 353.70346, 398.48138, 440.5058]
权重：0.355401

高斯模型3：
均值：[16.322746, 29.321003, 39.030849]
协方差矩阵：[201.52148, 202.18944, 233.59038;
 202.18944, 374.73914, 363.43375;
 233.59038, 363.43375, 398.84897]
权重：0.269069

高斯模型4：
均值：[115.46098, 141.87367, 154.03604]
协方差矩阵：[350.70187, 30.101404, 123.30272;
 30.101404, 227.84232, 135.59106;
 123.30272, 135.59106, 156.92816]
权重：0.123348

* * * * * * * * * * * * * * * * * * * * * * *
背景模型：
高斯模型0：
均值：[26.111708;
 126.63071;
 112.0438]
协方差矩阵：[181.55679, 108.15305, 118.58393;
 108.15305, 235.49367, 218.28302;
 118.58393, 218.28302, 234.74057]
权重：0.372172

高斯模型1：
均值：[104.62234;
 190.93135;
 186.85126]
协方差矩阵：[700.07983, 89.104927, 248.16753;
 89.104927, 200.97841, 187.41383;
 248.16753, 187.41383, 297.86691]
权重：0.0504679

高斯模型2：
均值：[72.320419;
 140.45332;
 131.97176]
协方差矩阵：[256.95609, 51.2756, 133.18896;
 51.2756, 313.93137, 160.38638;
 133.18896, 160.38638, 230.62982]
权重：0.0597461

高斯模型3：
均值：[61.022655;
 168.8537;
 156.76126]
协方差矩阵：[149.84633, 117.11132, 114.57233;
 117.11132, 117.50809, 113.71171;
 114.57233, 113.71171, 124.71126]
权重：0.331984

高斯模型4：
均值：[7.9635234;
 53.727966;
 48.067371]
协方差矩阵：[109.50043, 144.12961, 152.66344;
 144.12961, 807.59729, 638.01599;
 152.66344, 638.01599, 617.927]
权重：0.18563

高斯模型0：
均值：[180.77255, 197.80592, 209.252]
协方差矩阵：[1030.6085, 940.61041, 817.48376;
 940.61041, 926.05676, 800.07715;
 817.48376, 800.07715, 710.58789]
权重：0.236013

高斯模型1：
均值：[30.397242, 110.15448, 94.510345]
协方差矩阵：[292.45239, 82.729965, 121.6575;
 82.729965, 271.06992, 248.70129;
 121.6575, 248.70129, 297.68939]
权重：0.015226

高斯模型2：
均值：[71.040886, 83.866447, 99.567108]
协方差矩阵：[369.72339, 365.68945, 373.9899;
 365.68945, 403.49084, 420.55371;
 373.9899, 420.55371, 463.38412]
权重：0.378024

高斯模型3：
均值：[15.513675, 27.421057, 37.268818]
协方差矩阵：[184.11481, 193.92081, 220.77884;
 193.92081, 327.94019, 325.49411;
 220.77884, 325.49411, 364.36365]
权重：0.260312

高斯模型4：
均值：[115.965, 140.36154, 153.45284]
协方差矩阵：[298.28268, 20.375696, 85.053665;
 20.375696, 200.73868, 116.65866;
 85.053665, 116.65866, 127.40452]
权重：0.110425

* * * * * * * * * * * * * * * * * * * * * * *
背景模型：
高斯模型0：
均值：[25.930317;
 126.33148;
 111.72996]
协方差矩阵：[180.19655, 106.81595, 117.56453;
 106.81595, 236.39931, 219.5856;
 117.56453, 219.5856, 236.53014]
权重：0.371392

高斯模型1：
均值：[104.35273;
 190.74843;
 186.60217]
协方差矩阵：[698.10126, 89.740372, 248.73253;
 89.740372, 202.68939, 189.18884;
 248.73253, 189.18884, 299.63992]
权重：0.0511732

高斯模型2：
均值：[71.896072;
 140.47931;
 131.79933]
协方差矩阵：[257.49234, 46.228329, 130.38631;
 46.228329, 311.71054, 156.85831;
 130.38631, 156.85831, 225.84496]
权重：0.0603932

高斯模型3：
均值：[60.90448;
 168.73975;
 156.64746]
协方差矩阵：[150.31136, 117.85946, 115.28233;
 117.85946, 118.35667, 114.45908;
 115.28233, 114.45908, 125.35286]
权重：0.332673

高斯模型4：
均值：[7.8897953;
 53.381851;
 47.801624]
协方差矩阵：[108.03122, 141.57385, 150.96062;
 141.57385, 794.91632, 629.03162;
 150.96062, 629.03162, 612.02435]
权重：0.184369

高斯模型0：
均值：[179.39218, 196.46841, 208.03293]
协方差矩阵：[1066.8158, 976.27979, 850.5567;
 976.27979, 961.75366, 833.0343;
 850.5567, 833.0343, 741.18011]
权重：0.244016

高斯模型1：
均值：[31.362831, 109.86903, 94.051331]
协方差矩阵：[285.99768, 30.175268, 64.360802;
 30.175268, 210.8869, 189.13448;
 64.360802, 189.13448, 225.51677]
权重：0.0119151

高斯模型2：
均值：[70.445412, 83.284973, 98.939949]
协方差矩阵：[379.99341, 375.20212, 383.772;
 375.20212, 412.98798, 429.96646;
 383.772, 429.96646, 472.96198]
权重：0.385921

高斯模型3：
均值：[14.965566, 26.499416, 36.412624]
协方差矩阵：[174.82695, 188.21118, 212.08507;
 188.21118, 310.95929, 313.43893;
 212.08507, 313.43893, 352.96982]
权重：0.252937

高斯模型4：
均值：[114.19363, 139.57005, 152.3131]
协方差矩阵：[331.97092, 5.5479255, 87.1819;
 5.5479255, 200.13779, 110.01305;
 87.1819, 110.01305, 124.15045]
权重：0.105211

* * * * * * * * * * * * * * * * * * * * * * *
背景模型：
高斯模型0：
均值：[25.814562;
 126.17018;
 111.57056]
协方差矩阵：[179.03169, 105.75085, 116.57961;
 105.75085, 236.39629, 219.60689;
 116.57961, 219.60689, 236.61278]
权重：0.370207

高斯模型1：
均值：[104.2759;
 190.6899;
 186.50577]
协方差矩阵：[697.2735, 89.634438, 247.40945;
 89.634438, 202.29128, 189.03502;
 247.40945, 189.03502, 298.91812]
权重：0.0517269

高斯模型2：
均值：[71.683998;
 140.45213;
 131.69574]
协方差矩阵：[257.49118, 44.794075, 130.03049;
 44.794075, 310.28067, 155.70372;
 130.03049, 155.70372, 224.75179]
权重：0.0608714

高斯模型3：
均值：[60.809944;
 168.64445;
 156.54051]
协方差矩阵：[150.60046, 118.38822, 115.89555;
 118.38822, 119.03132, 115.20467;
 115.89555, 115.20467, 126.1466]
权重：0.333585

高斯模型4：
均值：[7.8538365;
 53.209148;
 47.664421]
协方差矩阵：[107.62744, 140.59735, 150.24782;
 140.59735, 790.3208, 625.52301;
 150.24782, 625.52301, 609.53253]
权重：0.18361

高斯模型0：
均值：[178.16005, 195.21077, 206.89867]
协方差矩阵：[1099.6083, 1010.8053, 882.19983;
 1010.8053, 997.00006, 865.82739;
 882.19983, 865.82739, 771.3924]
权重：0.250517

高斯模型1：
均值：[31.073259, 109.60806, 93.543953]
协方差矩阵：[279.55038, 19.393898, 51.367409;
 19.393898, 198.39668, 176.17514;
 51.367409, 176.17514, 209.2943]
权重：0.0115224

高斯模型2：
均值：[69.883423, 82.704529, 98.322006]
协方差矩阵：[382.9332, 377.87024, 386.96078;
 377.87024, 415.35208, 432.60403;
 386.96078, 432.60403, 475.82843]
权重：0.388828

高斯模型3：
均值：[14.537769, 26.082924, 35.923103]
协方差矩阵：[167.77391, 181.10999, 204.08887;
 181.10999, 306.72131, 307.27853;
 204.08887, 307.27853, 345.20172]
权重：0.248639

高斯模型4：
均值：[112.77194, 138.44289, 151.12306]
协方差矩阵：[334.88181, -2.8255224, 82.170105;
 -2.8255224, 199.46465, 106.90076;
 82.170105, 106.90076, 121.92912]
权重：0.100494

* * * * * * * * * * * * * * * * * * * * * * *
背景模型：
高斯模型0：
均值：[25.70529;
 126.02374;
 111.42207]
协方差矩阵：[178.54613, 105.50767, 116.3559;
 105.50767, 236.27223, 219.43726;
 116.3559, 219.43726, 236.42143]
权重：0.368916

高斯模型1：
均值：[104.15041;
 190.64786;
 186.43497]
协方差矩阵：[695.70233, 89.53672, 246.88533;
 89.53672, 202.17291, 189.1317;
 246.88533, 189.1317, 298.68665]
权重：0.0520769

高斯模型2：
均值：[71.497711;
 140.39856;
 131.57451]
协方差矩阵：[258.09808, 43.816914, 129.97594;
 43.816914, 309.65042, 155.39659;
 129.97594, 155.39659, 224.60361]
权重：0.0613002

高斯模型3：
均值：[60.702084;
 168.54707;
 156.43674]
协方差矩阵：[151.70314, 119.37059, 116.87785;
 119.37059, 119.83209, 116.01161;
 116.87785, 116.01161, 126.89477]
权重：0.334664

高斯模型4：
均值：[7.8498292;
 53.078938;
 47.560581]
协方差矩阵：[107.56734, 140.79771, 150.46324;
 140.79771, 787.13062, 623.0351;
 150.46324, 623.0351, 607.79401]
权重：0.183043

高斯模型0：
均值：[177.14308, 194.218, 206.01122]
协方差矩阵：[1127.9781, 1038.8401, 907.28101;
 1038.8401, 1024.8093, 890.7345;
 907.28101, 890.7345, 793.8833]
权重：0.255751

高斯模型1：
均值：[30.886618, 109.27695, 93.083641]
协方差矩阵：[276.11917, 14.968135, 47.137989;
 14.968135, 191.26955, 169.32318;
 47.137989, 169.32318, 199.71559]
权重：0.0113536

高斯模型2：
均值：[69.517303, 82.306274, 97.905785]
协方差矩阵：[381.01102, 375.41656, 384.55365;
 375.41656, 411.87833, 429.17834;
 384.55365, 429.17834, 472.40405]
权重：0.388406

高斯模型3：
均值：[14.351044, 25.879963, 35.693958]
协方差矩阵：[164.73109, 177.72066, 200.39391;
 177.72066, 303.3653, 303.47308;
 200.39391, 303.47308, 340.88931]
权重：0.246655

高斯模型4：
均值：[111.56062, 137.56406, 150.0798]
协方差矩阵：[340.75558, -6.0323944, 80.58107;
 -6.0323944, 205.80142, 108.63681;
 80.58107, 108.63681, 121.65668]
权重：0.0978348

* * * * * * * * * * * * * * * * * * * * * * *
背景模型：
高斯模型0：
均值：[25.660496;
 125.84114;
 111.23885]
协方差矩阵：[178.42534, 103.3862, 114.429;
 103.3862, 236.60271, 219.74716;
 114.429, 219.74716, 236.75932]
权重：0.364539

高斯模型1：
均值：[108.33205;
 189.87634;
 187.15253]
协方差矩阵：[879.94861, 84.634499, 300.89456;
 84.634499, 225.83961, 203.21902;
 300.89456, 203.21902, 320.43979]
权重：0.0566973

高斯模型2：
均值：[72.317169;
 139.88081;
 131.68733]
协方差矩阵：[288.07526, 40.575699, 144.12054;
 40.575699, 316.41965, 159.30704;
 144.12054, 159.30704, 233.44363]
权重：0.0638106

高斯模型3：
均值：[60.622391;
 168.46706;
 156.34978]
协方差矩阵：[152.23074, 119.87386, 117.35333;
 119.87386, 120.30701, 116.43211;
 117.35333, 116.43211, 127.30026]
权重：0.331638

高斯模型4：
均值：[7.9825115;
 53.122765;
 47.602127]
协方差矩阵：[111.10862, 143.63998, 154.24986;
 143.63998, 785.33337, 622.87769;
 154.24986, 622.87769, 609.70294]
权重：0.183315

高斯模型0：
均值：[178.04333, 194.42299, 206.06816]
协方差矩阵：[1171.3173, 1092.4182, 952.68036;
 1092.4182, 1084.7714, 939.72845;
 952.68036, 939.72845, 833.16302]
权重：0.252378

高斯模型1：
均值：[21.273148, 116.23611, 101.70834]
协方差矩阵：[177.6227, -15.96247, 24.354446;
 -15.96247, 117.93004, 87.185448;
 24.354446, 87.185448, 93.333122]
权重：0.00480085

高斯模型2：
均值：[69.053925, 81.590027, 97.260994]
协方差矩阵：[382.08026, 377.59689, 386.73477;
 377.59689, 410.91174, 430.21591;
 386.73477, 430.21591, 473.74026]
权重：0.404761

高斯模型3：
均值：[14.098262, 24.474195, 34.864002]
协方差矩阵：[158.36665, 173.03769, 192.47762;
 173.03769, 251.16801, 270.94083;
 192.47762, 270.94083, 313.3157]
权重：0.246777

高斯模型4：
均值：[111.60092, 135.93498, 149.15144]
协方差矩阵：[332.25833, -11.20545, 68.159508;
 -11.20545, 194.52342, 101.65381;
 68.159508, 101.65381, 108.32967]
权重：0.0912829

